#500 rafagas
500
195
166
22
48
119
15
73
65
172
150
139
105
194
15
77
78
48
197
187
190
28
149
111
142
51
178
81
179
42
43
79
169
121
167
50
194
38
88
178
174
138
123
135
95
116
172
113
114
48
186
57
51
94
189
55
173
179
160
41
192
142
78
108
100
89
180
96
132
35
102
136
96
185
187
179
131
144
82
76
158
70
112
48
92
121
171
93
168
164
60
104
22
65
16
55
108
66
28
54
108
132
52
25
105
168
56
184
50
171
150
174
60
154
147
126
149
45
52
22
172
141
134
82
129
33
80
174
41
66
53
175
181
199
78
174
17
131
167
55
169
132
150
131
191
197
36
38
87
190
159
159
60
159
11
115
171
28
99
88
47
120
111
126
96
31
102
69
85
142
184
88
171
18
51
200
66
152
105
98
93
109
29
64
40
125
63
117
140
98
92
14
55
126
109
175
10
55
36
149
180
127
23
63
47
189
14
154
101
105
33
68
192
48
55
109
49
21
83
150
100
29
102
21
99
90
139
131
196
91
142
168
110
92
46
85
183
128
50
180
52
27
12
47
181
182
151
168
65
26
85
85
161
180
31
147
82
67
111
108
170
69
147
118
11
16
52
41
110
122
184
154
20
146
73
122
27
132
131
34
127
41
63
183
98
43
127
160
142
112
47
137
133
109
120
91
100
127
66
174
48
39
66
126
190
108
139
99
24
21
80
198
150
126
198
188
129
32
129
53
34
35
164
37
162
148
25
153
144
72
138
108
120
158
194
77
141
112
108
163
177
98
137
171
136
54
67
29
65
162
190
81
68
115
175
50
25
107
77
85
14
94
18
25
181
111
163
181
133
94
117
172
157
52
38
15
154
56
104
196
67
116
12
146
136
123
137
36
161
144
142
69
71
166
55
125
47
96
32
144
171
18
117
11
135
24
176
62
143
12
113
106
32
157
183
112
66
136
96
124
25
91
124
62
193
172
40
37
27
21
72
124
101
58
40
197
96
68
60
48
82
93
88
187
77
32
176
156
64
45
106
133
142
184
76
132
144
41
97
86
57
13
112
19
173
26
180
90
176
83
59
122
181
132
77
131
26
187
142
91
179
200
190
130
146
197
52
93
19
114
25
57
198
63
84
85
152
200
153
94
111
199
483
783
948
1249
1408
1786
2048
2353
2735
2973
3337
3732
4071
4380
4630
4790
5080
5558
5897
6162
6350
6579
7065
7498
7788
7892
8229
8642
8928
9069
9544
9786
10104
10268
10392
10861
11287
11651
11839
12215
12663
12992
13385
13781
14065
14330
14555
14959
15130
15594
15881
16071
16239
16512
16995
17273
17401
17529
17812
17917
18307
18457
18726
18846
19071
19438
19879
20362
20558
20862
21206
21600
21741
21851
22081
22348
22570
22999
23197
23599
23877
24037
24478
24890
25246
25586
25834
25942
26058
26235
26381
26712
27078
27329
27698
27798
28126
28292
28500
28675
28872
28990
29274
29640
29768
29878
30315
30756
30952
31180
31335
31490
31953
32154
32584
32928
33390
33632
33804
34120
34326
34663
35071
35551
35833
36092
36418
36844
37282
37606
37801
38187
38463
38857
39201
39529
39672
39830
40227
40628
41053
41274
41608
41955
42205
42670
42838
42980
43251
43737
44173
44362
44840
45134
45274
45532
45892
46210
46563
46762
47217
47324
47779
47977
48308
48533
48770
49267
49434
49793
50286
50697
51078
51214
51380
51788
52104
52280
52735
52978
53312
53552
53862
54007
54137
54292
54780
55122
55506
55625
55892
56272
56543
56867
57245
57694
58116
58423
58892
59392
59587
59978
60455
60765
61168
61598
61720
62180
62605
62966
63107
63580
64028
64484
64785
65079
65320
65523
65639
66123
66596
67059
67279
67672
67934
68096
68335
68815
69235
69573
69792
70067
70205
70638
70951
71106
71384
71556
71969
72362
72720
73157
73636
74041
74355
74791
75092
75311
75654
75758
76255
76465
76786
76899
77344
77643
77886
78181
78486
78700
79118
79303
79588
79758
80091
80220
80446
80906
81148
81533
81641
81773
82160
82526
82934
83229
83452
83929
84127
84483
84925
85226
85720
85998
86423
86573
86974
87120
87594
87847
87957
88141
88344
88472
88737
88855
89118
89560
89935
90181
90514
90996
91161
91444
91636
91955
92122
92587
92836
93035
93224
93483
93765
94122
94505
94690
94821
95003
95485
95758
95900
96265
96735
97217
97350
97544
97851
98220
98484
98853
99116
99592
99848
100126
100477
100895
101383
101548
101907
102391
102833
103021
103266
103449
103804
104005
104494
104832
105157
105471
105714
105831
106243
106673
106848
106985
107304
107572
107927
108171
108564
108829
108961
109356
109703
109953
110222
110352
110702
111017
111467
111720
112107
112403
112825
112987
113126
113364
113511
113702
113811
114178
114649
115038
115399
115780
116163
116467
116836
117258
117488
117752
118193
118563
118824
119309
119768
120061
120244
120730
121119
121339
121608
122007
122323
122818
123067
123561
123975
124090
124481
124681
125102
125258
125718
126186
126527
126632
126966
127124
127309
127554
127981
128084
128347
128815
129278
129383
129734
130171
130533
130903
131118
131464
131959
132072
132245
132663
133131
133379
133569
133938
134156
134456
134655
134829
135236
135723
136119
136236
136563
136769
137234
137573
137865
138292
138561
138805
139072
139358
139776
140122
140585
140741
141002
141449
141637
142057
142239
142578
142689
143006
143396
143572
144004
144240
144701
145072
145443
145662
146025
146384
146609
146868
147057
147275
147635
147983
148183
148311
148597
148832
149278
149492
149739
150136
150262
150431
150927
